$ANSIBLE_VAULT;1.1;AES256
39623339653534616438386134633065663963363831366365386530373936323635643162633933
3335383139336439663061336132626634326631633431620a306432353235646230653336376535
36643830663735393931333361376138663764393539353938626138356535646562363134646461
3862323261366661390a393739313234356664333237623865653032663032613031656564643766
39353263353332323861613135626265346139343232663131366664663465663435653864386132
35333166336231356138633430643635326566336539616437376531303334326137303739653865
63373835666134623261356133363862656630323330633232643566346662643764653834383162
33323035353830373834313433316333346335333263633963666663613737336265653437316630
35306266323839343966393538646664636363656161643732303964396264613062396232393030
33343830643765643035653731633965643565336534393734393933303030386332656431303736
33356234663831306438363430303661623531356132623033376663306337303938386564366461
61303431363535373039393065316135376134643834643864333437623761366466393862633733
33396534346562396333393833326434613161353062383738303630663865323966373338356435
34366639613138633661656461343130363434313238643465666639633261376134316461396133
65656136633932653865663030373362336536383366333138343235306239633834613861626266
34613362303065663939343464336637653631356564363736363064363666636130336161383262
39656638636333616334616464353636643765663637656639353563653534646266663335363830
38636461343765353530306262643061313033306239363266333933623039646262313563613539
32313830613837386565303137663365316333373634396165356630643830333335363361653032
33323562613234616365323132363364313036303637356631306663326331346266626561356566
64373631376262623839313563396163653930663866666530323936653833346636336531366165
35313338386334633837653831346565333964333736643963633633376263633931386563336236
33656239363265623139356565616134616638333237623764306564383935336435323631343031
35306339363863633230333230653433636365666632323637353232353863363336393433393733
32336266366465353963623337636630623637356331396430316263666264353765326139653639
62303361643031373538363366343161343763616164326161333037306466636263346538323761
37653831636665643431633133373661363438646138346565353164636663373861646330303136
66306434333864396566306635383331613938313263333438653330346639653936393462316661
66616166343335356662333634626532613532666438643466333862623431373236333761333130
36393438313135373163396533623033373535666133343937343666663864303363343334646462
63663531663366663739323131383263366462373430346434653635363265313961373834313036
64303931306563313435373633393462323532373531623430376632336530623135626532333731
39373364663362306433616361623937666362346636643438633833656462353232653731663730
61303333373336386632343166383934346666616231646265333264666139646330653364373639
64396162393231343965383766323961643064616631396333613064373533333432366336326432
34373565663034373861303266636537333662656336323466346430346663333366626438326134
31333630396330373764326136623139303763303562313830656662376163366538333763376363
35366561623433376531616434303439303032306361616333636431316637343434333633383238
65663431646534633636303766323465616239353265313963646262663233626266353464666664
32373631656566376364353637336438336535663930336637366539666137633433656635666338
31396261393962343832393334396161353661373435353238643065653636343038343931393261
62343637383438373036393065623533373830376536376639333138626565643837386130363637
62353364663337316636643766653237616465383961383936356332383739303564663038303637
61633132303436353433313931313162313763383039373430343065346134356163613634666235
63393835383064646335373963613930643063353662343835363834613464663330346464646139
66356435346166623830303365333634613366353764346666303061653431653636653562656435
31366333313938346135666262366463623636663931633866393633653465393463396530343862
63656439373730623330666361363733303663653838363132336434393565373330636161343236
62346434656634366332656534373936363632653336663834333435666430336465306534383930
63353436646366396431356262383537323262303130313231396436336637393839646337346165
63646336333266386562393430373064323839346432643535336533313062663030643864616264
61336632383936303034363832356239323332346231623831393164643636353266356334303137
62316633306365663336653834313138336661653035373163386630633834643832353934636530
64306461303762633365333735346635333362343236323338333765373033663537333437656261
31323663356566303363346330333130343039356431353039386464363635386363613434656339
38363330366563663132373766303761346161623237633466323639306135356561626464346163
31663361633239663530623031306466323632393931306532373164316234613161386533393135
38643265333335353339326238663531383034656464386666636630373262356435663965626165
36353234346136366461656361623763323163363762396166393964656363396534363837323061
32343231303335616137313939323463363534656130623134396464353363313734636637346464
36333439333163373436306536393337623138373664393165343236643561626430333965303939
66623765633433343166353336376261393235323837363662613030616531383430353663343961
33363161306135663738303138336630633762393332656662333664333939303965663064326631
62653638333631333537633965363539363839333234613564393164396666313838646462326239
61393939303937356637323933633965376632373338303131616131306531383764663464643534
61646434643235623235323630373533346537626339646461613236366433343763346531643438
38323265636634656165653162336434316566613038633430386234376263336332616635623338
39353261613633323137653732653666663934323033623336333538326230343362613564663762
38643861343666626432343863656632663535353231376361316432343864346264636261373362
62623633616438633739623932306166386638366130323835626638386235303337633730323661
30623737356331636163633735626630363539393961626333363034376264313561643762343763
62376464616533353664343136303339396430386632323864313465383566383839623039343362
30323439336339376230643062663964626562306233383135616438646333363563376136636130
30643233393261623134616665636631633166313335653562666438396134626139313439363265
62363030633032366534396433363137616435386239643330613961626338343734343662613932
62383034343264393734613739363438646237396631646638653164633938626432306263373064
34313735656438633137393639366464316463313232656666656632333639356331663733373766
65346638333536316664626536343836303362393134613236313435363464623634653330643764
32383066663362653263363564303366663066343934303938633163343964353561323466613630
62376562313761616432363662663966396263373561633962373034316262383137666130613136
62366535643430373461633937306361383966613265653237353363356535323830336632333538
34383264636133313962383734353333626364623165663038323634366630393766633463393837
39346262363564386435306266316633343133633764376238653138306330333730323631626663
65633065386132313938353134353564616133356332653239386630393236326534393332363161
64616430313162336539323538316436346364313962343461656539353238373734333063666464
62616665376530663961346337646337393363306264383539663633373134613838306665316161
61666135656666303038666232663437376536323664643165303963626330326135616233663165
37623839316136626565343661326530323730653531643036396166363239393363373838333134
39363464376635363466623061396562636135323163333332373033313134353537346161333431
62316236376464616336616530303535353962386665643731323939613563613534666261393863
63383333643262663662316335626262333930666361616532393466316565326530626262323737
34356338323465316361383962313364623238626261666439393030366565303662386531663263
39623432613662323636363961646135663762613133646535613639356561626330333664323530
35653031653538396239323365373037343334373236383139613630346336613034613365363962
31626562343436393032643037613935636332386565353336396134613162353232623963393638
31333939653133323964316162633065393164366162356637313930333332616366666164326437
38373861633061636637386565303165663433313830363539383163383437666135326235363339
32666233323635383032636434333864363866313664636264353730616462636337316166663530
33363632613537373837633462356338373736363164643337616337653530323665316330626162
33333531393232636232663462356163313236393137326130656365313537313566353461343562
34346361643565303937363861323637316638663363656235646631646134373465323133616536
36643335636339353331626362666537383938373335633562633334633464396164363733393866
34383563303830316533353833643930336233386165656432333066346332333362316461643936
34383035313736386263383930646639353463393338636564613465343265386433313630613663
30336538613335623230633263666237366532396630323032306330623265346639303263303662
36386364363663336564333531356639333961353330396262356239316163623966396463313664
64363363656463626335386637393666663863333165623361346166643330396531613334383538
61633766636166316431333530626662343531393037323362376637356431613733373836393337
38626233396663353936366531323232353661346563643265376263346137333163356437633332
61636433326638613031363062313635373161653133373965633761646663326536666335313466
39653463616235653262323438663031623661353865656333343736353530316638616265633431
63656461303938306362626538613330373365306166373530393333653732306333383238626330
35326165653661343633333438663038396139633365306631633334393265363739653032666239
38383462313634373263663339343664653761646166363032346337373633343037656161653831
34303762353031393361386166643230353533663133343064383061643962363661336438383237
65643239353666636536376137653065386466346638616166656333303064373632323037366639
31303033353361336231336439656433396339303863356231346433336566643435373264366637
62653964643439613232386539326537363030386561333565313363626539363039316537373733
65636561633532613530353935616533666132333434653939626161303438623534623064613930
64383334643230313031393261366338303565386230336635663763396338343263633438336435
36613661346131336366393762353338666166333266666162316362343862383230333862336563
61313361353664353236666632393665353034366431363163376539393933633932663031313037
61373938623631396665356231623036656433636164616136383430313332633435366166356262
37666134353933623830336366316363383432333865313232663164636265653763373430393930
32353531333661373961386363646130396636616136633839616463626236616162383632383533
33313665666232653064306437396361373332626563643732303061396535633464336462363232
65313463363535386231323630613731333735353435333362626665633532313264366239616666
37653664363432306332363835633862613235656436623938393035356666356334323663656537
36363035343765366636646366306463643031356631383133613634306561326661633535656137
33343030633034363933366564656639616639333731346437653635313234663233326338666531
36346633316234666232636235663366646363633735316463363363643066633134363065343938
35323134363762613030383865336565636461383566653138313432356465396563373936646264
38353938646237633539313638623162303564353265643732356463336133653235643866323535
34663238643633386333356235336635353565646562636533313165373638326663343536393830
61613433323437346630303435323938346431336666333361353736333765356433393938356136
36323066343631653964353865376664373664326437633839336538636266316238663432316465
3866
