$ANSIBLE_VAULT;1.1;AES256
39393237656364396166303434363138663364356162383432366261333336613865303735626162
3831376333313362313063316430393063343634353265330a356631653037373062633431356238
37313433386562613865383238346636326434313339633661343536383266303665303136323363
6334373861303330310a376133666237373463366533623137376338383934376534613833363337
39663931313730386638386666313733663930343835313964653737333532313633656539663635
64396537613835663563366139633038323536613033373437663565356437613835626538353465
64346337646635363531663563363134663164303364363636643466386333326430323532396664
31313961633331373233373265666336383266323335363031643763663065366530653564636463
37363830316666396564363732346539333337396565646465333165366431346233363433326238
62303861653635366365383436363937633064383066353364613635653238626534366230316466
63323538643232396461336230363438633130363562366338363536343931353035636533653538
31363437303233366663343635313937346564623763653061653935313333366365633366326130
62373635653464306432616633326135613638656566313834663065303738343437623962666364
64646364613166623338393066393038646461373332323238613335356630393563353239656232
33396435366437393130356633356436643438613133326230623237646162393539653363383062
35643566666362626466663539626639616534383339663264313761663265373634386563633733
31373134336338343861303461323738316338363237376365613139643362353035376537306132
39326132323661383134393862373861623632303766333337313137636262346337633733386362
35613637663263633764616235663266363161623135336433326138623661646637303133666361
66633535316461616130663334383237386163333264373665656562333231363263656334393131
34373032613064383663366263333935623936646365396361303135363437306465346461386265
33333236313230346535393437393036376563393034316561393661353438366432393461633532
30373137333361326639373234326131633834373365323764303234363232376635653233306531
63383265323939366262313935323630643166626138346162333065353933393165356165666366
33393163376332663238653563343939393636333066623964646562663333346437636562366133
64613632353438616236303237646330613563363565306634353766396630326538383634623930
31333933643830343035363263666264666232646338663063363033373630656433373266656336
37343939306165353734323037386632646636376464666133333565616634633438636566306634
39383763666538653839323333613530616134323536383534326337616664653837623932303866
33626163383232323739316132646461323833353437636538383932386635306134373832633966
39376335386635303361666331613964373937333564643338366664623066636339366535663837
62306633313439343830663563666538663561623563396366343362353331383362363836366136
31313034626435663631343636383031663832343038353834653137636166333336626436646336
62373936656636363531653265313234666234316333323466316261666164373737383862643737
63383531396262386265656234303031373332313561633336316536386166353561336339303130
37653237373635636238646136336363613163326663363432616339396234386633636661306239
34666634646534623033366531633761323230396464306135613439303366633331393536656365
66373537646630366437303766363465373765656634383837386333313234393235363237383230
38383239353533363436386430343264323031316663333364666238313639313762316266303862
66303566366466363934323236316631303066613533643132663232386534646365646236336237
31303332643839303664663663383434316239373431346436326363316263393332356431343332
37386531383634343162616231356464666632643661643931626464313661353036316134623765
34643930616534393763386438333134336538616165373261346366653732646561353431343664
61383065353333333436306663393461313264646135636131376366306665646361373236626239
39363661346130373866333631633964336232356432343563363265363737633336623039323433
34393938363232363939353063383166376439643837363662646361636463356361633435373238
66363936363264346539353635366261666131643032363463653162613764616132646562313737
35653537356436373161333032373038646366363762656230343863396631323436373530303163
31383130393432343233373730303835613836323837616162386538313633353062626238346634
65373837336432633535643234623231303237356636353966393137356534653835383537636237
36303831663861323163656633373331323930346137656137376430383737633363373435653739
39376637616161613465343764623232636662313737363465313237663463386265353830363535
62333132356238393032386235656264373136313733393835333330326666366634386439383466
34626431323639363736633534343134373632303365383261373130663239633235356262666261
61393939613032373737313339343537366462386161663035383937643735393430656262643161
35316364336637663761346562383034383137376266616432356630363538303863376635393966
32633933313631646232353062316331363361363832386262343935643035643865336334336533
36333464643230656134383664653235633566353736616631633332303236656233326163366237
64383432353762306435353061323966633066396166376264653439356532313939643632303232
34373133313664356238636232356434373133643366613162383532623738613334376565393735
31633338363163316238326466386365343639386632343265643064333635353135376161656232
36383337313539613333346536316636363338366239363931653130396463396236353765663562
31613236326136316561653331343533313137316631633764326137353366356266643466316430
34636435373033333337633264366536653131306333353064666134326531363533343530623865
37646639373738646165306534666239363439346663333935393037623662626462623332336463
39366632633931646561396632653764346336393665356561353765316132393537303764306636
65623433373236306535663431643630316165336265303438336433386237356565363233353138
35316637353330653937373034646135643164366164623464613764383834313138613730656135
35646230343639323334666432633663343931663633613765353535656132383734346136666661
34663736313935313934623134356235316463366661336365653464393563653966313637623732
33373538383862616463363632666433623633376163366532656366613031363461376463646364
62386232343362393961393130383637363464323030353838386532376538643666376562386437
62346563643739396163626234333863393534393034396137636632643137636539653830646634
66616539343639376464306339623433353936636164616434386135636465623238653566646565
66633632383730386231356466336666666239643365376633623737653233646634616562653761
31363337316332616131656431386233396464643532623837623364646566353163373464323130
66316137613263643138333034646236366333373139326439383865663439336234366337616634
39313335336137326466356337393062373737616534613434306635653931663364323933326339
61613636323839623639373464636663623965366266316237383762353737353335323863366462
36623839343339623030393133363065623066363562333936646261323832303030376431623061
65376138616263653138353430356162306136383734646165666266303563613139663332336636
32366230363130383661303136613234333366353238366266353434393236306566643132363466
62336638396130373536613931656331643031333762633733386234356234653438343837656562
64623936636431356462653166383830633137333432646561326131366566653865653964313864
37343037653535626563623464313465373261653033363964646238623136386236356662393933
30316233373331353762333932333230653666306362313435326131643562643538653138336264
38373032353861383031363464643434643036336132626230346236323965343336323231353130
36343333316135393931373163316363313365343263663634376661666366316431363938383337
65653366623437356566323039653533363063383366376336316563666462366334666665303134
65633535656634616337383233363138626331376136633831303739333931626335333633306538
31333461303065363130323134643937643139346639386633386234623438373038663065386166
65393865633134653266643338386661363265323565366466623536656231396463356439356230
36326663623534393533396239306462616437336339363639323461383137333835353362623435
35633538343436633761393332336133323561313233393861666636383166613338323337366435
39343736346436343861616335353433616139636635376361313832336461376135353563383634
61356632626463333130373464303435626538303539656361356366383433343139346136373335
39623634356461333763646534316639346430356664333666393831383364303731626662643465
65626363633635383732306364353161323837336231303637336432383764393632636535313864
31383664353934336166323765623334366566316137313035623731316464383766646163613564
63326435373037633533306131363333366666316532653162383066373865633338646565643734
31623465303962353138653336376661653435653634663334633561643163633839383932326664
35376463333766393731633865383033663566386361323033653864386665656466393037616539
66613637316436346432353364396462373433366661346536396332636362643865313531636430
64643333376336636636613061663962616137313139303266386335303961643730373231373666
34383237396464363431623038623034653834623064343839633538646238323063653765373062
64633638303364646133316261346534363930343461386566356263303833656662656461623030
64363162646637336431313136633161653962303239346362303936616337386633623361386161
65333637653830623163336130373037656236346337313030666431333363363130306534666666
38613930393661383632646134616131303134303639343536323737656632306665666264386533
30643165326633323061643538623134653763633333376166383336623530336133323232306235
33643130366264383061633238393364636539373134356361313463353838353661663333303965
38623762663464353532353231383639343532316237316531346136333565623731626537323330
30396263346435346165633364653039646236323530306637396437396535343465373439623639
61653236396538663332323131636133333066646637666363383761616336363039323931323366
34613631303761356533326539313637343630356465656633633236373037363837313034636465
34666331616331616139393732323232613765373965366631646633323535623930373636333933
61393537393963323661366464623362643936373464613738313066326163303134333163623631
33373134326330356236353733653965376336373035313639363433333063326664323361363033
31343737656365646236363531366336306533633038343236616331363563663464336365353530
36363466616637666435333031303265646538633938386539356232366533656366353435353336
63653462613263303634653439646561353834396263666232306130633036303933316563363530
64626462353466356162333164396133343563626265656662646333346333396137366266323966
64343762303664363035356432353230353034323932643762653137353434623134363035306165
33633863396562356430633034376636623537626663396630633833623963666162396530623361
32663436356530656635656563393430376138386166383466613164323030386537383263333332
30316138356436363437303664393039366432396633383834613764366161336665366563323638
37616362356563366637376234653036663063613434383136313039323237313337613530663139
38653663383435343164306231366366616363633235636332303064343763306239663339383634
34383235313233396634626430303761333064646464643731633737343465643163323632303663
63626237636639616531373164633863386539363538373034393231373430353036343734623437
35623332346535626238386537333033303833626630633764396330663730616665633333666365
31653737373938356236323862363133346336386565666430623030343333646261326530323333
61353362386131346538633562656631343537633866333361383933636336613365373531393430
61646431616536323231356136333832643730376365633232343161663762373739636435383163
65633131623764333338363837383334393937636633663330336530306537646661643462353065
37643366623631306234646536626365613564306262373331643135313532363534633632393938
6234
