$ANSIBLE_VAULT;1.1;AES256
65346461323631303239386261656564363664646532386264353832646564373438326661663066
6136313833376262653438623165373134343132313737370a306533313439323964306432373030
64353130363532616264323063323134333764333931616635336537623562376337303836336364
3338326536626337340a326432323366393439313934653835613362343930383537326136383963
66333862356435363834316162653463633130343162363830623437616433663530343539323433
33363936656634383331333133643635643762383263326565373436346633323762653839363063
65616164313234313461623962633539663662656665383037643332383732313233376433323334
62663962633563376265633131333537643836366139333837373430343136323631656632633639
30363334336137336135353466656438356237306666336134643238353230333736326163363938
31353662376332373166643264323330326133373362626362336538386434636264333330336435
30346662323863343261643434666663626666326664616134396239633639366539353436343065
32623435613634306565366564633164616362663630353066383330333134653134326237383934
6433
