$ANSIBLE_VAULT;1.1;AES256
36313135346265373535613432363739666630366430626632326233323461306163626434383663
6166336135623532656332326264363837643162323838370a373033373136383531376536643461
30393537626630373062303935303631316266373962376230326532643366633138313866316433
6433333639343234620a646337656564333262353336623762393464663731393034663531303661
30633438633238343839613936346362313661656663623631303964643439633765303439333665
37303563363631376666623739653730636237626633626537313637376362356264386235366334
66666366656433623433636463613865393031646134643366643335373338626263663533353033
31323564306364313361633431336165353635353533626266613439653631363038326163323435
38316363663136333533623532306664633038313336333038646335623136626634613064343764
38626664333631303235646664643066386632396230633164613465656165393264666634396633
31323236653265313536353533643433383937383834643464313239396664343261326166353835
36633263306132376630613635326439353138613337316166623036396637396238663433336164
6238
