$ANSIBLE_VAULT;1.1;AES256
38663236343935333034363364376633313366393363333465306531343632393964313866393433
3738353432336562363837623666653635313936613263360a643933313365336161646130326436
34313464643763633431663135613536346361376564346166303064633764373365623362313632
3731376664663532310a383535346536323433643237316334666466653363326532393339346265
32636236303636306562356539383635303965633137346531373963653265643434643261326466
35653436616261633863356361346435373738666464386237653238333662393435323865363566
35616630313565616538653266626633616564363132363834666432643365376333316336306361
65336465346233623566656238306566346434313766623036313430656334333265396639376433
65633566383739613066396664316264326466396164366662613865393934316639313831303235
38643036373135303564666262343662653662633063653565633838643337653238373532343233
35663134643561353938663863613565626235303164366466663932306263326336666134386663
39376233303461633734316534336566333839333238636661366538663630383830626234313162
6337
